0 0.150000 0.120000 0.120000 0.080000
28 0.500000 0.120000 0.120000 0.080000
17 0.500000 0.250000 0.120000 0.080000
4 0.300000 0.380000 0.150000 0.100000
5 0.300000 0.550000 0.150000 0.100000
7 0.180000 0.720000 0.120000 0.100000
7 0.420000 0.720000 0.120000 0.100000
7 0.720000 0.720000 0.120000 0.100000
13 0.300000 0.820000 0.150000 0.080000
11 0.120000 0.950000 0.120000 0.100000
11 0.300000 0.950000 0.120000 0.100000
11 0.480000 0.950000 0.120000 0.100000
15 0.660000 0.950000 0.120000 0.100000