0 0.130000 0.630000 0.060000 0.080000
27 0.280000 0.630000 0.080000 0.080000
15 0.280000 0.780000 0.080000 0.080000
10 0.430000 0.690000 0.080000 0.080000
27 0.560000 0.630000 0.080000 0.080000
10 0.670000 0.630000 0.080000 0.080000
27 0.800000 0.530000 0.080000 0.080000
10 0.930000 0.210000 0.080000 0.080000
27 1.000000 0.210000 0.010000 0.080000
10 0.930000 0.360000 0.080000 0.080000
10 0.930000 0.500000 0.080000 0.080000
12 1.000000 0.550000 0.010000 0.080000
10 0.930000 0.700000 0.080000 0.080000