11 0.150000 0.430000 0.120000 0.080000
27 0.450000 0.380000 0.080000 0.120000
6 0.620000 0.180000 0.120000 0.080000
15 0.550000 0.380000 0.080000 0.080000
15 0.650000 0.380000 0.080000 0.080000
15 0.750000 0.380000 0.080000 0.080000
11 0.850000 0.480000 0.080000 0.080000
27 0.850000 0.220000 0.080000 0.080000
25 0.420000 0.650000 0.060000 0.060000
22 0.520000 0.650000 0.060000 0.060000
23 0.620000 0.650000 0.060000 0.060000
25 0.720000 0.650000 0.060000 0.060000
25 0.820000 0.650000 0.060000 0.060000
27 0.920000 0.650000 0.060000 0.060000
27 1.000000 0.650000 0.010000 0.060000