0 0.030000 0.170000 0.030000 0.040000
6 0.080000 0.260000 0.080000 0.060000
1 0.160000 0.280000 0.060000 0.040000
1 0.160000 0.320000 0.060000 0.040000
7 0.080000 0.350000 0.060000 0.040000
7 0.300000 0.080000 0.120000 0.040000
3 0.400000 0.240000 0.080000 0.060000
18 0.550000 0.250000 0.060000 0.040000
18 0.670000 0.240000 0.060000 0.040000
25 0.810000 0.250000 0.060000 0.040000
25 0.940000 0.240000 0.060000 0.040000
28 1.000000 0.260000 0.010000 0.040000
22 1.000000 0.220000 0.010000 0.030000
22 1.000000 0.300000 0.010000 0.040000
7 0.420000 0.460000 0.040000 0.060000
7 0.530000 0.460000 0.040000 0.060000
7 0.630000 0.460000 0.040000 0.060000
7 0.800000 0.460000 0.040000 0.060000
7 0.900000 0.460000 0.040000 0.060000
7 0.450000 0.580000 0.080000 0.060000
23 0.580000 0.580000 0.080000 0.060000
15 0.600000 0.630000 0.080000 0.040000
18 0.670000 0.550000 0.040000 0.030000
7 0.780000 0.550000 0.080000 0.040000
8 0.800000 0.690000 0.100000 0.060000
22 1.000000 0.420000 0.010000 0.030000
28 1.000000 0.470000 0.010000 0.040000
22 1.000000 0.510000 0.010000 0.040000
27 0.480000 0.040000 0.080000 0.040000
27 0.700000 0.040000 0.080000 0.040000
7 0.900000 0.350000 0.080000 0.040000