0 0.030000 0.450000 0.030000 0.060000
28 0.060000 0.550000 0.080000 0.080000
20 0.430000 0.350000 0.700000 0.500000
21 0.120000 0.320000 0.120000 0.080000
21 0.430000 0.470000 0.120000 0.080000
4 0.120000 0.420000 0.100000 0.100000
7 0.430000 0.270000 0.080000 0.060000
7 0.560000 0.270000 0.080000 0.060000
18 0.690000 0.270000 0.080000 0.060000
7 0.820000 0.270000 0.080000 0.060000
7 0.300000 0.550000 0.080000 0.080000
7 0.430000 0.550000 0.080000 0.080000
7 0.560000 0.550000 0.080000 0.080000
7 0.690000 0.550000 0.080000 0.080000
7 0.820000 0.550000 0.080000 0.080000
7 0.950000 0.550000 0.080000 0.080000
7 1.000000 0.550000 0.010000 0.080000
23 0.300000 0.700000 0.080000 0.100000
15 0.430000 0.700000 0.080000 0.100000
7 0.560000 0.700000 0.080000 0.100000
12 0.690000 0.700000 0.080000 0.100000
15 0.820000 0.700000 0.080000 0.100000
7 0.950000 0.700000 0.080000 0.100000
25 0.080000 0.850000 0.080000 0.080000
25 0.180000 0.850000 0.080000 0.080000
22 0.080000 0.700000 0.080000 0.080000
7 0.870000 0.150000 0.080000 0.080000
7 0.870000 0.300000 0.080000 0.080000
7 1.000000 0.380000 0.010000 0.060000
7 1.000000 0.480000 0.010000 0.080000