0 0.170000 0.140000 0.060000 0.080000
28 0.260000 0.210000 0.120000 0.080000
3 0.460000 0.190000 0.140000 0.120000
19 0.360000 0.280000 0.080000 0.060000
7 0.640000 0.230000 0.100000 0.080000
11 0.790000 0.240000 0.080000 0.060000
23 0.920000 0.240000 0.080000 0.060000
15 1.000000 0.240000 0.010000 0.060000
22 0.410000 0.440000 0.100000 0.080000
7 0.590000 0.430000 0.080000 0.060000
7 0.570000 0.520000 0.080000 0.080000
7 0.640000 0.520000 0.080000 0.080000
7 0.710000 0.520000 0.080000 0.080000
11 0.810000 0.440000 0.100000 0.080000
23 0.940000 0.440000 0.100000 0.080000
15 1.000000 0.440000 0.010000 0.080000
25 0.390000 0.560000 0.080000 0.060000
25 0.470000 0.560000 0.080000 0.060000