0 0.180000 0.150000 0.250000 0.120000
0 0.540000 0.150000 0.250000 0.120000
0 0.830000 0.150000 0.250000 0.120000
4 0.330000 0.300000 0.080000 0.060000
7 0.080000 0.450000 0.080000 0.120000
6 0.250000 0.450000 0.080000 0.120000
6 0.540000 0.450000 0.080000 0.120000
6 0.830000 0.450000 0.080000 0.120000
7 0.120000 0.700000 0.060000 0.080000
7 0.200000 0.700000 0.060000 0.080000
7 0.280000 0.700000 0.060000 0.080000
27 0.200000 0.820000 0.120000 0.040000
14 0.420000 0.580000 0.120000 0.040000
14 0.420000 0.650000 0.120000 0.040000
12 0.500000 0.850000 0.100000 0.080000
27 0.750000 0.850000 0.100000 0.080000