20 0.250000 0.530000 0.150000 0.080000
20 0.750000 0.530000 0.150000 0.080000
7 0.150000 0.350000 0.080000 0.060000
7 0.250000 0.250000 0.080000 0.060000
7 0.350000 0.350000 0.080000 0.060000
7 0.100000 0.530000 0.080000 0.060000
7 0.400000 0.530000 0.080000 0.060000
7 0.150000 0.700000 0.080000 0.060000
7 0.250000 0.800000 0.080000 0.060000
7 0.350000 0.700000 0.080000 0.060000
7 0.650000 0.350000 0.080000 0.060000
7 0.750000 0.250000 0.080000 0.060000
7 0.850000 0.350000 0.080000 0.060000
7 0.600000 0.530000 0.080000 0.060000
7 0.900000 0.530000 0.080000 0.060000
7 0.650000 0.700000 0.080000 0.060000
7 0.750000 0.800000 0.080000 0.060000
7 0.850000 0.700000 0.080000 0.060000