0 0.520000 0.080000 0.120000 0.060000
28 0.780000 0.080000 0.080000 0.060000
17 0.780000 0.180000 0.080000 0.060000
4 0.580000 0.280000 0.140000 0.080000
5 0.580000 0.420000 0.140000 0.080000
7 0.400000 0.580000 0.140000 0.080000
7 0.580000 0.580000 0.140000 0.080000
7 0.760000 0.580000 0.140000 0.080000
14 0.220000 0.580000 0.100000 0.080000
7 0.060000 0.580000 0.100000 0.080000
13 0.580000 0.720000 0.140000 0.080000
12 0.160000 0.820000 0.080000 0.100000
11 0.420000 0.820000 0.100000 0.100000
11 0.560000 0.820000 0.100000 0.100000
15 0.760000 0.820000 0.080000 0.100000
11 0.140000 0.980000 0.100000 0.040000
11 0.280000 0.980000 0.100000 0.040000
11 0.600000 0.980000 0.100000 0.040000
11 0.740000 0.980000 0.100000 0.040000