0 0.100000 0.500000 0.080000 0.080000
7 0.250000 0.450000 0.120000 0.100000
7 0.500000 0.400000 0.120000 0.120000
7 0.300000 0.650000 0.120000 0.100000
7 0.500000 0.650000 0.120000 0.100000
7 0.700000 0.650000 0.120000 0.100000
14 0.500000 0.150000 0.150000 0.120000
12 0.250000 0.850000 0.150000 0.120000
12 0.500000 0.850000 0.150000 0.120000
8 0.700000 0.850000 0.150000 0.120000
25 0.850000 0.250000 0.120000 0.100000
26 0.850000 0.400000 0.120000 0.100000
24 0.850000 0.550000 0.120000 0.100000
15 0.850000 0.700000 0.120000 0.100000
25 0.850000 0.850000 0.120000 0.100000