0 0.180000 0.450000 0.080000 0.100000
4 0.350000 0.450000 0.080000 0.120000
9 0.550000 0.180000 0.120000 0.080000
3 0.550000 0.400000 0.060000 0.080000
7 0.680000 0.400000 0.060000 0.060000
7 0.800000 0.400000 0.060000 0.060000
7 0.920000 0.350000 0.060000 0.060000
7 0.920000 0.450000 0.060000 0.060000
7 0.920000 0.550000 0.060000 0.060000
8 0.350000 0.750000 0.120000 0.100000
6 0.180000 0.750000 0.100000 0.120000
22 0.580000 0.850000 0.080000 0.080000
26 0.680000 0.850000 0.080000 0.080000
25 0.780000 0.850000 0.080000 0.080000
23 0.880000 0.850000 0.080000 0.080000
25 0.980000 0.850000 0.040000 0.080000
12 0.950000 0.250000 0.100000 0.080000
12 0.950000 0.350000 0.100000 0.080000
13 0.950000 0.550000 0.100000 0.080000
14 0.950000 0.780000 0.100000 0.080000