27 0.080000 0.310000 0.060000 0.040000
2 0.080000 0.430000 0.060000 0.040000
1 0.080000 0.560000 0.060000 0.040000
3 0.250000 0.450000 0.120000 0.250000
6 0.450000 0.270000 0.150000 0.080000
6 0.450000 0.420000 0.150000 0.080000
6 0.450000 0.570000 0.150000 0.080000
7 0.750000 0.180000 0.150000 0.080000
7 0.750000 0.300000 0.150000 0.080000
25 0.750000 0.430000 0.150000 0.080000
7 0.750000 0.630000 0.150000 0.080000
25 0.330000 0.820000 0.120000 0.080000
11 0.450000 0.820000 0.120000 0.080000
14 0.570000 0.820000 0.120000 0.080000