4 0.150000 0.550000 0.080000 0.120000
7 0.310000 0.280000 0.080000 0.180000
7 0.310000 0.520000 0.080000 0.180000
7 0.310000 0.760000 0.080000 0.180000
13 0.550000 0.280000 0.080000 0.120000
13 0.780000 0.280000 0.080000 0.120000
11 0.550000 0.520000 0.080000 0.120000
11 0.780000 0.520000 0.080000 0.120000
26 0.550000 0.760000 0.100000 0.080000
14 0.800000 0.760000 0.100000 0.080000
7 0.950000 0.760000 0.080000 0.080000
25 0.880000 0.450000 0.100000 0.100000
25 0.950000 0.450000 0.080000 0.100000