26 0.080000 0.170000 0.120000 0.080000
18 0.200000 0.170000 0.080000 0.060000
18 0.350000 0.170000 0.080000 0.060000
9 0.550000 0.170000 0.100000 0.080000
4 0.700000 0.170000 0.080000 0.060000
3 0.850000 0.170000 0.080000 0.060000
23 0.950000 0.170000 0.060000 0.080000
8 0.950000 0.280000 0.080000 0.060000
26 0.080000 0.420000 0.120000 0.080000
18 0.200000 0.420000 0.080000 0.060000
18 0.350000 0.420000 0.080000 0.060000
9 0.550000 0.420000 0.100000 0.080000
4 0.700000 0.420000 0.080000 0.060000
3 0.850000 0.420000 0.080000 0.060000
23 0.950000 0.420000 0.060000 0.080000
8 0.950000 0.530000 0.080000 0.060000
9 0.550000 0.670000 0.150000 0.100000
8 1.000000 0.170000 0.010000 0.080000
17 1.000000 0.320000 0.010000 0.080000
9 1.000000 0.470000 0.010000 0.100000
26 1.000000 0.620000 0.010000 0.080000