0 0.450000 0.120000 0.080000 0.060000
28 0.380000 0.320000 0.120000 0.080000
17 0.520000 0.320000 0.120000 0.080000
18 0.380000 0.460000 0.080000 0.060000
15 0.520000 0.460000 0.080000 0.060000
4 0.450000 0.580000 0.080000 0.060000
9 0.280000 0.730000 0.060000 0.060000
3 0.380000 0.750000 0.080000 0.080000
9 0.280000 0.850000 0.080000 0.060000
9 0.480000 0.850000 0.080000 0.060000
8 0.200000 0.950000 0.040000 0.040000
8 0.280000 0.950000 0.040000 0.040000
8 0.360000 0.950000 0.040000 0.040000
8 0.480000 0.950000 0.040000 0.040000
8 0.560000 0.950000 0.040000 0.040000
8 0.640000 0.950000 0.040000 0.040000