20 0.550000 0.150000 0.400000 0.050000
20 0.370000 0.600000 0.350000 0.550000
6 0.400000 0.300000 0.080000 0.080000
18 0.370000 0.580000 0.080000 0.080000
3 0.370000 0.800000 0.150000 0.080000
25 0.570000 0.550000 0.080000 0.080000
20 0.120000 0.550000 0.200000 0.250000
6 0.070000 0.650000 0.080000 0.080000
6 0.170000 0.650000 0.080000 0.080000
20 0.820000 0.450000 0.250000 0.250000
6 0.750000 0.520000 0.080000 0.080000
6 0.830000 0.520000 0.080000 0.080000
6 0.910000 0.520000 0.080000 0.080000
20 0.820000 0.750000 0.250000 0.250000
6 0.750000 0.820000 0.080000 0.080000
6 0.830000 0.820000 0.080000 0.080000
6 0.910000 0.820000 0.080000 0.080000
20 0.370000 0.920000 0.250000 0.160000
6 0.300000 0.970000 0.080000 0.060000
6 0.370000 0.970000 0.080000 0.060000
6 0.440000 0.970000 0.080000 0.060000
20 0.820000 0.920000 0.250000 0.160000
6 0.750000 0.970000 0.080000 0.060000
6 0.830000 0.970000 0.080000 0.060000
6 0.910000 0.970000 0.080000 0.060000