0 0.270000 0.080000 0.120000 0.060000
28 0.580000 0.080000 0.120000 0.060000
17 0.750000 0.120000 0.120000 0.060000
4 0.270000 0.220000 0.160000 0.080000
5 0.270000 0.350000 0.160000 0.080000
3 0.120000 0.500000 0.120000 0.080000
3 0.420000 0.500000 0.120000 0.080000
3 0.720000 0.500000 0.120000 0.080000
7 0.050000 0.650000 0.100000 0.060000
7 0.190000 0.650000 0.120000 0.060000
7 0.050000 0.750000 0.100000 0.060000
7 0.350000 0.650000 0.120000 0.060000
7 0.550000 0.650000 0.120000 0.060000
7 0.650000 0.750000 0.120000 0.060000
7 0.800000 0.750000 0.120000 0.060000
13 0.350000 0.800000 0.120000 0.060000
11 0.150000 0.920000 0.120000 0.080000
11 0.350000 0.920000 0.120000 0.080000
15 0.750000 0.920000 0.120000 0.080000