0 0.070000 0.550000 0.060000 0.080000
0 0.900000 0.750000 0.080000 0.080000
9 0.220000 0.350000 0.080000 0.080000
9 0.350000 0.350000 0.080000 0.080000
3 0.280000 0.550000 0.080000 0.080000
9 0.220000 0.750000 0.080000 0.080000
9 0.350000 0.750000 0.080000 0.080000
9 0.550000 0.400000 0.080000 0.080000
8 0.720000 0.400000 0.120000 0.080000
7 0.550000 0.580000 0.060000 0.060000
7 0.650000 0.580000 0.060000 0.060000
7 0.550000 0.700000 0.060000 0.060000
7 0.650000 0.700000 0.060000 0.060000
9 0.750000 0.750000 0.080000 0.080000