27 0.420000 0.150000 0.080000 0.100000
27 0.560000 0.150000 0.080000 0.100000
0 0.950000 0.150000 0.080000 0.100000
9 0.210000 0.400000 0.080000 0.080000
7 0.420000 0.370000 0.080000 0.080000
7 0.560000 0.370000 0.080000 0.080000
9 0.490000 0.550000 0.080000 0.080000
4 0.900000 0.370000 0.080000 0.080000
28 0.900000 0.570000 0.080000 0.080000
3 0.490000 0.740000 0.080000 0.080000
8 0.170000 0.700000 0.060000 0.060000
8 0.270000 0.700000 0.060000 0.060000
8 0.370000 0.700000 0.060000 0.060000
7 0.270000 0.850000 0.080000 0.060000
8 0.570000 0.700000 0.060000 0.060000
8 0.670000 0.700000 0.060000 0.060000
8 0.770000 0.700000 0.060000 0.060000
7 0.670000 0.850000 0.080000 0.060000