28 0.080000 0.080000 0.100000 0.080000
0 0.250000 0.080000 0.200000 0.100000
5 0.250000 0.250000 0.250000 0.150000
7 0.300000 0.220000 0.120000 0.060000
7 0.300000 0.280000 0.120000 0.060000
7 0.050000 0.250000 0.100000 0.080000
7 0.550000 0.250000 0.150000 0.080000
13 0.080000 0.450000 0.100000 0.100000
11 0.080000 0.650000 0.100000 0.100000
7 0.250000 0.500000 0.150000 0.100000
12 0.550000 0.400000 0.150000 0.100000
13 0.550000 0.550000 0.100000 0.100000
11 0.750000 0.550000 0.100000 0.100000
14 0.250000 0.650000 0.150000 0.080000
6 0.250000 0.780000 0.150000 0.100000
13 0.250000 0.920000 0.100000 0.080000