0 0.150000 0.850000 0.080000 0.100000
17 0.250000 0.750000 0.060000 0.080000
15 0.150000 0.650000 0.060000 0.080000
15 0.080000 0.450000 0.060000 0.080000
4 0.450000 0.650000 0.080000 0.060000
8 0.350000 0.450000 0.060000 0.080000
8 0.450000 0.450000 0.060000 0.080000
8 0.550000 0.350000 0.060000 0.080000
8 0.650000 0.350000 0.060000 0.080000
8 0.350000 0.250000 0.060000 0.080000
8 0.550000 0.250000 0.060000 0.080000
12 0.450000 0.250000 0.060000 0.080000
11 0.850000 0.250000 0.060000 0.080000
15 0.850000 0.450000 0.060000 0.080000
15 0.850000 0.350000 0.060000 0.080000