0 0.250000 0.150000 0.120000 0.080000
28 0.600000 0.150000 0.100000 0.060000
17 0.750000 0.250000 0.080000 0.050000
4 0.250000 0.350000 0.150000 0.100000
5 0.250000 0.500000 0.150000 0.100000
7 0.080000 0.650000 0.120000 0.080000
7 0.080000 0.750000 0.120000 0.080000
7 0.080000 0.850000 0.120000 0.080000
7 0.250000 0.750000 0.150000 0.080000
14 0.450000 0.650000 0.100000 0.080000
7 0.600000 0.650000 0.120000 0.080000
7 0.750000 0.650000 0.120000 0.080000
13 0.750000 0.800000 0.120000 0.080000
11 0.150000 0.900000 0.120000 0.080000
11 0.350000 0.900000 0.120000 0.080000
15 0.550000 0.900000 0.100000 0.080000